function A = lara17r4
%lara17r4   A 4-by-4 matrix from \cite[Benchmark #4]{lara17}, \cite[Problem
%4]{zhao17}.
% 
% Daniel Lago and Farzad Rahnema, Development of a set of benchmark 
% problems to verify numericalmethods for solving burnup equations, 
% Annals of Nuclear Energy, 99 (2017), pp. 266–271.
% S. Zhao, Matrix Exponential Approximation for Burnup Equation, M.Sc. 
% thesis, The Universityof Manchester, Manchester, UK, 2017.

A = [-1.000000000000312e-04         0                       0                      0;
      1.000000000000000e-04  -1.000000000009379e-04         0                      0;
             0                1.000000000000000e-04  -1.188523972153541e-06        0;
             0                      0                 1.188523972153541e-06 -1.024464026382002e-14];