function A = ward77r2
%ward77r2   A 3-by-3 matrix from Test 2 of \cite{ward77}.
%
%   Robert C. Ward. Numerical Computation of the matrix exponential with 
%   accuracy estimate. SIAM J. Numer. Anal., 14(4):600-610, 1977.


A = [29.87942128909879     0.7815750847907159  -2.289519314033932
      0.7815750847907159  25.72656945571064     8.680737820540137
     -2.289519314033932    8.680737820540137   34.39400925519054];